
PAFTA_KOSE =

                         1                      39,5                        37
                        10                    39,625                        37
                        18                    39,625                    37,125
                        17                      39,5                    37,125
                        10                    39,625                        37
                         5                     39,75                        37
                        19                     39,75                    37,125
                        18                    39,625                    37,125
                        18                    39,625                    37,125
                        19                     39,75                    37,125
                         9                     39,75                     37,25
                        25                    39,625                     37,25
                        17                      39,5                    37,125
                        18                    39,625                    37,125
                        25                    39,625                     37,25
                         8                      39,5                     37,25
                         5                     39,75                        37
                        11                    39,875                        37
                        20                    39,875                    37,125
                        19                     39,75                    37,125
                        11                    39,875                        37
                         2                        40                        37
                        12                        40                    37,125
                        20                    39,875                    37,125
                        20                    39,875                    37,125
                        12                        40                    37,125
                         6                        40                     37,25
                        21                    39,875                     37,25
                        19                     39,75                    37,125
                        20                    39,875                    37,125
                        21                    39,875                     37,25
                         9                     39,75                     37,25
                         9                     39,75                     37,25
                        21                    39,875                     37,25
                        22                    39,875                    37,375
                        23                     39,75                    37,375
                        21                    39,875                     37,25
                         6                        40                     37,25
                        13                        40                    37,375
                        22                    39,875                    37,375
                        22                    39,875                    37,375
                        13                        40                    37,375
                         3                        40                      37,5
                        14                    39,875                      37,5
                        23                     39,75                    37,375
                        22                    39,875                    37,375
                        14                    39,875                      37,5
                         7                     39,75                      37,5
                         8                      39,5                     37,25
                        25                    39,625                     37,25
                        24                    39,625                    37,375
                        16                      39,5                    37,375
                        25                    39,625                     37,25
                         9                     39,75                     37,25
                        23                     39,75                    37,375
                        24                    39,625                    37,375
                        24                    39,625                    37,375
                        23                     39,75                    37,375
                         7                     39,75                      37,5
                        15                    39,625                      37,5
                        16                      39,5                    37,375
                        24                    39,625                    37,375
                        15                    39,625                      37,5
                         4                      39,5                      37,5

--------------------------------
KENAR =

                         1                        10               13878,27966                         0                         0                         0
                        18                        17               13878,27966                         0                         0                         0
                        10                        18                         0               10732,39292               10732,39205                   0,00087
                         1                        17                         0               10751,67738               10751,67652                   0,00086
                        10                         5               13878,57918                         0                         0                         0
                        19                        18               13878,57918                         0                         0                         0
                         5                        19                         0               10713,05716               10713,05629                   0,00087
                        10                        18                         0               10732,39292               10732,39205                   0,00087
                        18                        19               13878,57918                         0                         0                         0
                         9                        25               13878,57918                         0                         0                         0
                        19                         9                         0               10713,05716               10713,05629                   0,00087
                        18                        25                         0               10732,39292               10732,39205                   0,00087
                        17                        18               13878,27966                         0                         0                         0
                        25                         8               13878,27966                         0                         0                         0
                        18                        25                         0               10732,39292               10732,39205                   0,00087
                        17                         8                         0               10751,67738               10751,67652                   0,00086
                         5                        11               13878,87895                         0                         0                         0
                        20                        19               13878,87895                         0                         0                         0
                        11                        20                         0                10693,6702               10693,66933                   0,00087
                         5                        19                         0               10713,05716               10713,05629                   0,00087
                        11                         2               13879,17898                         0                         0                         0
                        12                        20               13879,17898                         0                         0                         0
                         2                        12                         0               10674,23212               10674,23125                   0,00087
                        11                        20                         0                10693,6702               10693,66933                   0,00087
                        20                        12               13879,17898                         0                         0                         0
                         6                        21               13879,17898                         0                         0                         0
                        12                         6                         0               10674,23212               10674,23125                   0,00087
                        20                        21                         0                10693,6702               10693,66933                   0,00087
                        19                        20               13878,87895                         0                         0                         0
                        21                         9               13878,87895                         0                         0                         0
                        20                        21                         0                10693,6702               10693,66933                   0,00087
                        19                         9                         0               10713,05716               10713,05629                   0,00087
                         9                        21               13878,87895                         0                         0                         0
                        22                        23               13878,87895                         0                         0                         0
                        21                        22                         0                10693,6702               10693,66933                   0,00087
                         9                        23                         0               10713,05716               10713,05629                   0,00087
                        21                         6               13879,17898                         0                         0                         0
                        13                        22               13879,17898                         0                         0                         0
                         6                        13                         0               10674,23212               10674,23125                   0,00087
                        21                        22                         0                10693,6702               10693,66933                   0,00087
                        22                        13               13879,17898                         0                         0                         0
                         3                        14               13879,17898                         0                         0                         0
                        13                         3                         0               10674,23212               10674,23125                   0,00087
                        22                        14                         0                10693,6702               10693,66933                   0,00087
                        23                        22               13878,87895                         0                         0                         0
                        14                         7               13878,87895                         0                         0                         0
                        22                        14                         0                10693,6702               10693,66933                   0,00087
                        23                         7                         0               10713,05716               10713,05629                   0,00087
                         8                        25               13878,27966                         0                         0                         0
                        24                        16               13878,27966                         0                         0                         0
                        25                        24                         0               10732,39292               10732,39205                   0,00087
                         8                        16                         0               10751,67738               10751,67652                   0,00086
                        25                         9               13878,57918                         0                         0                         0
                        23                        24               13878,57918                         0                         0                         0
                         9                        23                         0               10713,05716               10713,05629                   0,00087
                        25                        24                         0               10732,39292               10732,39205                   0,00087
                        24                        23               13878,57918                         0                         0                         0
                         7                        15               13878,57918                         0                         0                         0
                        23                         7                         0               10713,05716               10713,05629                   0,00087
                        24                        15                         0               10732,39292               10732,39205                   0,00087
                        16                        24               13878,27966                         0                         0                         0
                        15                         4               13878,27966                         0                         0                         0
                        24                        15                         0               10732,39292               10732,39205                   0,00087
                        16                         4                         0               10751,67738               10751,67652                   0,00086

--------------------------------
ALAN =

                         1                        10                        18                        17                 149,08103                   0,00015                   0,01491                   0,14908
                        10                         5                        19                        18                 148,81625                   0,00015                   0,01488                   0,14882
                        18                        19                         9                        25                 148,81625                   0,00015                   0,01488                   0,14882
                        17                        18                        25                         8                 149,08103                   0,00015                   0,01491                   0,14908
                         5                        11                        20                        19                 148,55075                   0,00015                   0,01486                   0,14855
                        11                         2                        12                        20                 148,28453                   0,00015                   0,01483                   0,14828
                        20                        12                         6                        21                 148,28453                   0,00015                   0,01483                   0,14828
                        19                        20                        21                         9                 148,55075                   0,00015                   0,01486                   0,14855
                         9                        21                        22                        23                 148,55075                   0,00015                   0,01486                   0,14855
                        21                         6                        13                        22                 148,28453                   0,00015                   0,01483                   0,14828
                        22                        13                         3                        14                 148,28453                   0,00015                   0,01483                   0,14828
                        23                        22                        14                         7                 148,55075                   0,00015                   0,01486                   0,14855
                         8                        25                        24                        16                 149,08103                   0,00015                   0,01491                   0,14908
                        25                         9                        23                        24                 148,81625                   0,00015                   0,01488                   0,14882
                        24                        23                         7                        15                 148,81625                   0,00015                   0,01488                   0,14882
                        16                        24                        15                         4                 149,08103                   0,00015                   0,01491                   0,14908

--------------------------------
AGIRLIK =

                         1                        10                        18                        17               6386815,188               6361334,806               6374062,265
                        10                         5                        19                        18               6386861,134               6361472,096               6374153,974
                        18                        19                         9                        25               6386861,134               6361472,096               6374153,974
                        17                        18                        25                         8               6386815,188               6361334,806               6374062,265
                         5                        11                        20                        19               6386907,118               6361609,502                6374245,76
                        11                         2                        12                        20               6386953,141               6361747,023               6374337,623
                        20                        12                         6                        21               6386953,141               6361747,023               6374337,623
                        19                        20                        21                         9               6386907,118               6361609,502                6374245,76
                         9                        21                        22                        23               6386907,118               6361609,502                6374245,76
                        21                         6                        13                        22               6386953,141               6361747,023               6374337,623
                        22                        13                         3                        14               6386953,141               6361747,023               6374337,623
                        23                        22                        14                         7               6386907,118               6361609,502                6374245,76
                         8                        25                        24                        16               6386815,188               6361334,806               6374062,265
                        25                         9                        23                        24               6386861,134               6361472,096               6374153,974
                        24                        23                         7                        15               6386861,134               6361472,096               6374153,974
                        16                        24                        15                         4               6386815,188               6361334,806               6374062,265

--------------------------------
JEOCENTRIC =

                         1               3935840,227               2965868,344               4035303,519
                        10               3928780,811               2960548,692               4046002,703
                        18               3922312,552                2969112,91               4046002,703
                        17               3929360,345                2974447,95               4035303,519
                        10               3928780,811               2960548,692               4046002,703
                         5               3921702,618               2955214,891               4056682,808
                        19               3915246,012               2963763,679               4056682,808
                        18               3922312,552                2969112,91               4046002,703
                        18               3922312,552                2969112,91               4046002,703
                        19               3915246,012               2963763,679               4056682,808
                         9                3908770,77               2972298,361               4056682,808
                        25               3915825,623               2977662,996               4046002,703
                        17               3929360,345                2974447,95               4035303,519
                        18               3922312,552                2969112,91               4046002,703
                        25               3915825,623               2977662,996               4046002,703
                         8                3922861,76               2983013,399               4035303,519
                         5               3921702,618               2955214,891               4056682,808
                        11                3914605,68               2949866,965               4067343,781
                        20               3908160,758               2958400,283               4067343,781
                        19               3915246,012               2963763,679               4056682,808
                        11                3914605,68               2949866,965               4067343,781
                         2                3907490,03               2944504,938               4077985,572
                        12               3901056,822               2953022,744               4077985,572
                        20               3908160,758               2958400,283               4067343,781
                        20               3908160,758               2958400,283               4067343,781
                        12               3901056,822               2953022,744               4077985,572
                         6               3894605,048               2961526,496               4077985,572
                        21               3901697,234               2966919,519               4067343,781
                        19               3915246,012               2963763,679               4056682,808
                        20               3908160,758               2958400,283               4067343,781
                        21               3901697,234               2966919,519               4067343,781
                         9                3908770,77               2972298,361               4056682,808
                         9                3908770,77               2972298,361               4056682,808
                        21               3901697,234               2966919,519               4067343,781
                        22               3895215,139               2975424,635               4067343,781
                        23               3902276,924               2980818,896               4056682,808
                        21               3901697,234               2966919,519               4067343,781
                         6               3894605,048               2961526,496               4077985,572
                        13               3888134,736               2970016,151               4077985,572
                        22               3895215,139               2975424,635               4067343,781
                        22               3895215,139               2975424,635               4067343,781
                        13               3888134,736               2970016,151               4077985,572
                         3               3881645,918                2978491,67               4077985,572
                        14               3888714,505               2983915,588               4067343,781
                        23               3902276,924               2980818,896               4056682,808
                        22               3895215,139               2975424,635               4067343,781
                        14               3888714,505               2983915,588               4067343,781
                         7               3895764,504               2989325,243               4056682,808
                         8                3922861,76               2983013,399               4035303,519
                        25               3915825,623               2977662,996               4046002,703
                        24               3909320,056               2986198,909               4046002,703
                        16               3916344,504                2991564,65               4035303,519
                        25               3915825,623               2977662,996               4046002,703
                         9                3908770,77               2972298,361               4056682,808
                        23               3902276,924               2980818,896               4056682,808
                        24               3909320,056               2986198,909               4046002,703
                        24               3909320,056               2986198,909               4046002,703
                        23               3902276,924               2980818,896               4056682,808
                         7               3895764,504               2989325,243               4056682,808
                        15               3902795,882               2994720,609               4046002,703
                        16               3916344,504                2991564,65               4035303,519
                        24               3909320,056               2986198,909               4046002,703
                        15               3902795,882               2994720,609               4046002,703
                         4               3909808,607               3000101,662               4035303,519

