
PAFTA_KOSE =

                         1                      39,5                        37
                        10                    39,625                        37
                        18                    39,625                    37,125
                        17                      39,5                    37,125
                        10                    39,625                        37
                         5                     39,75                        37
                        19                     39,75                    37,125
                        18                    39,625                    37,125
                        18                    39,625                    37,125
                        19                     39,75                    37,125
                         9                     39,75                     37,25
                        25                    39,625                     37,25
                        17                      39,5                    37,125
                        18                    39,625                    37,125
                        25                    39,625                     37,25
                         8                      39,5                     37,25
                         5                     39,75                        37
                        11                    39,875                        37
                        20                    39,875                    37,125
                        19                     39,75                    37,125
                        11                    39,875                        37
                         2                        40                        37
                        12                        40                    37,125
                        20                    39,875                    37,125
                        20                    39,875                    37,125
                        12                        40                    37,125
                         6                        40                     37,25
                        21                    39,875                     37,25
                        19                     39,75                    37,125
                        20                    39,875                    37,125
                        21                    39,875                     37,25
                         9                     39,75                     37,25
                         9                     39,75                     37,25
                        21                    39,875                     37,25
                        22                    39,875                    37,375
                        23                     39,75                    37,375
                        21                    39,875                     37,25
                         6                        40                     37,25
                        13                        40                    37,375
                        22                    39,875                    37,375
                        22                    39,875                    37,375
                        13                        40                    37,375
                         3                        40                      37,5
                        14                    39,875                      37,5
                        23                     39,75                    37,375
                        22                    39,875                    37,375
                        14                    39,875                      37,5
                         7                     39,75                      37,5
                         8                      39,5                     37,25
                        25                    39,625                     37,25
                        24                    39,625                    37,375
                        16                      39,5                    37,375
                        25                    39,625                     37,25
                         9                     39,75                     37,25
                        23                     39,75                    37,375
                        24                    39,625                    37,375
                        24                    39,625                    37,375
                        23                     39,75                    37,375
                         7                     39,75                      37,5
                        15                    39,625                      37,5
                        16                      39,5                    37,375
                        24                    39,625                    37,375
                        15                    39,625                      37,5
                         4                      39,5                      37,5

--------------------------------
KENAR =

                         1                        10                13878,6701                         0                         0                         0
                        18                        17                13878,6701                         0                         0                         0
                        10                        18                         0               10732,87719               10732,87633                   0,00087
                         1                        17                         0                10752,1622               10752,16133                   0,00086
                        10                         5                13878,9709                         0                         0                         0
                        19                        18                13878,9709                         0                         0                         0
                         5                        19                         0               10713,54089               10713,54002                   0,00087
                        10                        18                         0               10732,87719               10732,87633                   0,00087
                        18                        19                13878,9709                         0                         0                         0
                         9                        25                13878,9709                         0                         0                         0
                        19                         9                         0               10713,54089               10713,54002                   0,00087
                        18                        25                         0               10732,87719               10732,87633                   0,00087
                        17                        18                13878,6701                         0                         0                         0
                        25                         8                13878,6701                         0                         0                         0
                        18                        25                         0               10732,87719               10732,87633                   0,00087
                        17                         8                         0                10752,1622               10752,16133                   0,00086
                         5                        11               13879,27195                         0                         0                         0
                        20                        19               13879,27195                         0                         0                         0
                        11                        20                         0               10694,15338               10694,15251                   0,00087
                         5                        19                         0               10713,54089               10713,54002                   0,00087
                        11                         2               13879,57325                         0                         0                         0
                        12                        20               13879,57325                         0                         0                         0
                         2                        12                         0               10674,71475               10674,71387                   0,00087
                        11                        20                         0               10694,15338               10694,15251                   0,00087
                        20                        12               13879,57325                         0                         0                         0
                         6                        21               13879,57325                         0                         0                         0
                        12                         6                         0               10674,71475               10674,71387                   0,00087
                        20                        21                         0               10694,15338               10694,15251                   0,00087
                        19                        20               13879,27195                         0                         0                         0
                        21                         9               13879,27195                         0                         0                         0
                        20                        21                         0               10694,15338               10694,15251                   0,00087
                        19                         9                         0               10713,54089               10713,54002                   0,00087
                         9                        21               13879,27195                         0                         0                         0
                        22                        23               13879,27195                         0                         0                         0
                        21                        22                         0               10694,15338               10694,15251                   0,00087
                         9                        23                         0               10713,54089               10713,54002                   0,00087
                        21                         6               13879,57325                         0                         0                         0
                        13                        22               13879,57325                         0                         0                         0
                         6                        13                         0               10674,71475               10674,71387                   0,00087
                        21                        22                         0               10694,15338               10694,15251                   0,00087
                        22                        13               13879,57325                         0                         0                         0
                         3                        14               13879,57325                         0                         0                         0
                        13                         3                         0               10674,71475               10674,71387                   0,00087
                        22                        14                         0               10694,15338               10694,15251                   0,00087
                        23                        22               13879,27195                         0                         0                         0
                        14                         7               13879,27195                         0                         0                         0
                        22                        14                         0               10694,15338               10694,15251                   0,00087
                        23                         7                         0               10713,54089               10713,54002                   0,00087
                         8                        25                13878,6701                         0                         0                         0
                        24                        16                13878,6701                         0                         0                         0
                        25                        24                         0               10732,87719               10732,87633                   0,00087
                         8                        16                         0                10752,1622               10752,16133                   0,00086
                        25                         9                13878,9709                         0                         0                         0
                        23                        24                13878,9709                         0                         0                         0
                         9                        23                         0               10713,54089               10713,54002                   0,00087
                        25                        24                         0               10732,87719               10732,87633                   0,00087
                        24                        23                13878,9709                         0                         0                         0
                         7                        15                13878,9709                         0                         0                         0
                        23                         7                         0               10713,54089               10713,54002                   0,00087
                        24                        15                         0               10732,87719               10732,87633                   0,00087
                        16                        24                13878,6701                         0                         0                         0
                        15                         4                13878,6701                         0                         0                         0
                        24                        15                         0               10732,87719               10732,87633                   0,00087
                        16                         4                         0                10752,1622               10752,16133                   0,00086

--------------------------------
ALAN =

                         1                        10                        18                        17                 149,09195                   0,00015                   0,01491                   0,14909
                        10                         5                        19                        18                 148,82716                   0,00015                   0,01488                   0,14883
                        18                        19                         9                        25                 148,82716                   0,00015                   0,01488                   0,14883
                        17                        18                        25                         8                 149,09195                   0,00015                   0,01491                   0,14909
                         5                        11                        20                        19                 148,56166                   0,00015                   0,01486                   0,14856
                        11                         2                        12                        20                 148,29544                   0,00015                   0,01483                    0,1483
                        20                        12                         6                        21                 148,29544                   0,00015                   0,01483                    0,1483
                        19                        20                        21                         9                 148,56166                   0,00015                   0,01486                   0,14856
                         9                        21                        22                        23                 148,56166                   0,00015                   0,01486                   0,14856
                        21                         6                        13                        22                 148,29544                   0,00015                   0,01483                    0,1483
                        22                        13                         3                        14                 148,29544                   0,00015                   0,01483                    0,1483
                        23                        22                        14                         7                 148,56166                   0,00015                   0,01486                   0,14856
                         8                        25                        24                        16                 149,09195                   0,00015                   0,01491                   0,14909
                        25                         9                        23                        24                 148,82716                   0,00015                   0,01488                   0,14883
                        24                        23                         7                        15                 148,82716                   0,00015                   0,01488                   0,14883
                        16                        24                        15                         4                 149,09195                   0,00015                   0,01491                   0,14909

--------------------------------
AGIRLIK =

                         1                        10                        18                        17               6387103,279               6361513,771               6374295,684
                        10                         5                        19                        18               6387149,422               6361651,646               6374387,785
                        18                        19                         9                        25               6387149,422               6361651,646               6374387,785
                        17                        18                        25                         8               6387103,279               6361513,771               6374295,684
                         5                        11                        20                        19               6387195,604               6361789,639               6374479,964
                        11                         2                        12                        20               6387241,823               6361927,747               6374572,219
                        20                        12                         6                        21               6387241,823               6361927,747               6374572,219
                        19                        20                        21                         9               6387195,604               6361789,639               6374479,964
                         9                        21                        22                        23               6387195,604               6361789,639               6374479,964
                        21                         6                        13                        22               6387241,823               6361927,747               6374572,219
                        22                        13                         3                        14               6387241,823               6361927,747               6374572,219
                        23                        22                        14                         7               6387195,604               6361789,639               6374479,964
                         8                        25                        24                        16               6387103,279               6361513,771               6374295,684
                        25                         9                        23                        24               6387149,422               6361651,646               6374387,785
                        24                        23                         7                        15               6387149,422               6361651,646               6374387,785
                        16                        24                        15                         4               6387103,279               6361513,771               6374295,684

--------------------------------
JEOCENTRIC =

                         1               3936017,702               2966002,081               4035370,546
                        10               3928958,088                2960682,28               4046070,031
                        18               3922489,536               2969246,884               4046070,031
                        17               3929537,527               2974582,074               4035370,546
                        10               3928958,088                2960682,28               4046070,031
                         5               3921879,695               2955348,328               4056750,437
                        19               3915422,797               2963897,502               4056750,437
                        18               3922489,536               2969246,884               4046070,031
                        18               3922489,536               2969246,884               4046070,031
                        19               3915422,797               2963897,502               4056750,437
                         9               3908947,262               2972432,569               4056750,437
                        25               3916002,314               2977797,356               4046070,031
                        17               3929537,527               2974582,074               4035370,546
                        18               3922489,536               2969246,884               4046070,031
                        25               3916002,314               2977797,356               4046070,031
                         8                3923038,65               2983147,909               4035370,546
                         5               3921879,695               2955348,328               4056750,437
                        11               3914782,556                2950000,25               4067411,712
                        20               3908337,342               2958533,953               4067411,712
                        19               3915422,797               2963897,502               4056750,437
                        11               3914782,556                2950000,25               4067411,712
                         2               3907666,703               2944638,071               4078053,805
                        12               3901233,205               2953156,262               4078053,805
                        20               3908337,342               2958533,953               4067411,712
                        20               3908337,342               2958533,953               4067411,712
                        12               3901233,205               2953156,262               4078053,805
                         6               3894781,138               2961660,398               4078053,805
                        21               3901873,526               2967053,575               4067411,712
                        19               3915422,797               2963897,502               4056750,437
                        20               3908337,342               2958533,953               4067411,712
                        21               3901873,526               2967053,575               4067411,712
                         9               3908947,262               2972432,569               4056750,437
                         9               3908947,262               2972432,569               4056750,437
                        21               3901873,526               2967053,575               4067411,712
                        22               3895391,139               2975559,075               4067411,712
                        23               3902453,123               2980953,489               4056750,437
                        21               3901873,526               2967053,575               4067411,712
                         6               3894781,138               2961660,398               4078053,805
                        13               3888310,534               2970150,438               4078053,805
                        22               3895391,139               2975559,075               4067411,712
                        22               3895391,139               2975559,075               4067411,712
                        13               3888310,534               2970150,438               4078053,805
                         3               3881821,423                2978626,34               4078053,805
                        14               3888890,211               2984050,412               4067411,712
                        23               3902453,123               2980953,489               4056750,437
                        22               3895391,139               2975559,075               4067411,712
                        14               3888890,211               2984050,412               4067411,712
                         7                3895940,41                2989460,22               4056750,437
                         8                3923038,65               2983147,909               4035370,546
                        25               3916002,314               2977797,356               4046070,031
                        24               3909496,454               2986333,654               4046070,031
                        16               3916521,099               2991699,545               4035370,546
                        25               3916002,314               2977797,356               4046070,031
                         9               3908947,262               2972432,569               4056750,437
                        23               3902453,123               2980953,489               4056750,437
                        24               3909496,454               2986333,654               4046070,031
                        24               3909496,454               2986333,654               4046070,031
                        23               3902453,123               2980953,489               4056750,437
                         7                3895940,41                2989460,22               4056750,437
                        15               3902971,986               2994855,738               4046070,031
                        16               3916521,099               2991699,545               4035370,546
                        24               3909496,454               2986333,654               4046070,031
                        15               3902971,986               2994855,738               4046070,031
                         4               3909984,908               3000236,943               4035370,546

